{
	"metadata": {
		"version": 4.3,
		"type": "Object",
		"generator": "ObjectExporter"
	},
	"geometries": [
		{
			"uuid": "3C6F495E-AB08-4F76-9BEE-2365256B8341",
			"type": "PlaneGeometry",
			"width": 200,
			"height": 200,
			"widthSegments": 1,
			"heightSegments": 1
		}],
	"materials": [
		{
			"uuid": "55ACFA9C-9424-43CC-953B-E15CC272C0B2",
			"type": "MeshPhongMaterial",
			"color": 16777215,
			"ambient": 8421504,
			"emissive": 0,
			"specular": 12632256,
			"shininess": 24.12,
			"vertexColors": 1,
			"opacity": 0.2,
			"transparent": false,
			"wireframe": false
		}],
	"object": {
		"uuid": "B8E6D7BD-8ED7-41E5-A82A-E44545FCBAFA",
		"type": "Scene",
		"matrix": [1,0,0,0,0,1,0,0,0,0,1,0,0,0,0,1],
		"children": [
			{
				"uuid": "D9D13310-6D68-48CD-89C8-4E19C81D65AA",
				"name": "Plane 1",
				"type": "Mesh",
				"geometry": "3C6F495E-AB08-4F76-9BEE-2365256B8341",
				"material": "55ACFA9C-9424-43CC-953B-E15CC272C0B2",
				"matrix": [0.9994984269142151,4.336808689942018e-19,-0.031667809933423996,0,-0.007362255360931158,0.9726002216339111,-0.23236727714538574,0,0.030800120905041695,0.2324838787317276,0.9721124172210693,0,5.466392993927002,0,61.59761428833008,1]
			},
			{
				"uuid": "0D206755-4D5E-4DAF-863B-BBA7D66B60C5",
				"name": "Plane 2",
				"type": "Mesh",
				"geometry": "3C6F495E-AB08-4F76-9BEE-2365256B8341",
				"material": "55ACFA9C-9424-43CC-953B-E15CC272C0B2",
				"matrix": [0.9994984269142151,4.336808689942018e-19,-0.031667809933423996,0,-0.007362255360931158,0.9726002216339111,-0.23236727714538574,0,0.030800120905041695,0.2324838787317276,0.9721124172210693,0,183.29087829589844,-10.887475967407227,-72.55899047851562,1]
			},
			{
				"uuid": "CD4FC526-C13F-4257-AFCA-C512FD31DF39",
				"name": "Plane 3",
				"type": "Mesh",
				"geometry": "3C6F495E-AB08-4F76-9BEE-2365256B8341",
				"material": "55ACFA9C-9424-43CC-953B-E15CC272C0B2",
				"matrix": [0.9994984269142151,4.336808689942018e-19,-0.031667809933423996,0,-0.007362255360931158,0.9726002216339111,-0.23236727714538574,0,0.030800120905041695,0.2324838787317276,0.9721124172210693,0,-118.1784896850586,-12.570083618164062,-53.35085678100586,1]
			}]
	}
}